# Created by Octave 4.4.1, Tue Feb 26 13:20:48 2019 GMT <unknown@Dimis>
# name: R
# type: bool matrix
# rows: 4
# columns: 3
 1 0 0
 0 0 0
 0 0 1
 1 1 0


