# Created by Octave 4.4.1, Tue Feb 26 13:20:48 2019 GMT <unknown@Dimis>
# name: Theta
# type: matrix
# rows: 3
# columns: 5
 0.54030230586813977 -0.65364362086361194 0.7539022543433046 -0.83907152907645244 0.90744678145019619
 -0.41614683654714241 0.28366218546322625 -0.14550003380861354 0.0044256979880507854 0.13673721820783361
 -0.98999249660044542 0.96017028665036597 -0.91113026188467694 0.84385395873249214 -0.75968791285882131


