# Created by Octave 4.4.1, Tue Feb 26 13:20:48 2019 GMT <unknown@Dimis>
# name: X
# type: matrix
# rows: 4
# columns: 5
 0.8414709848078965 -0.95892427466313845 0.41211848524175659 0.42016703682664092 -0.96139749187955681
 0.90929742682568171 -0.27941549819892586 -0.54402111088936977 0.99060735569487035 -0.75098724677167605
 0.14112000805986721 0.65698659871878906 -0.99999020655070348 0.65028784015711683 0.14987720966295234
 -0.7568024953079282 0.98935824662338179 -0.53657291800043494 -0.2879033166650653 0.91294525072762767


