# Created by Octave 4.4.1, Tue Feb 26 13:20:48 2019 GMT <unknown@Dimis>
# name: Y
# type: matrix
# rows: 4
# columns: 3
 0.8414709848078965 0 -0
 0 -0 0
 -0 0 0.83665563853605607
 0.65698659871878906 0.65028784015711683 -0


