# Created by Octave 4.4.1, Fri Feb 22 13:09:39 2019 GMT <unknown@Dimis>
# name: Theta1
# type: matrix
# rows: 4
# columns: 3
 0.8414709848078965 0.41211848524175659 -0.96139749187955681
 0.14112000805986721 -0.99999020655070348 0.14987720966295234
 -0.95892427466313845 0.42016703682664092 0.83665563853605607
 0.65698659871878906 0.65028784015711683 -0.84622040417517064


# name: Theta2
# type: matrix
# rows: 4
# columns: 5
 0.54030230586813977 -0.91113026188467694 -0.27516333805159693 0.99120281186347359 -0.013276747223059479
 -0.98999249660044542 0.0044256979880507854 0.98870461818666922 -0.29213880873383619 -0.90369220509150672
 0.28366218546322625 0.90744678145019619 -0.54772926022426838 -0.7480575296890003 0.7654140519453434
 0.7539022543433046 -0.75968791285882131 -0.53283302033339752 0.91474235780453128 0.26664293235993725


# name: X
# type: matrix
# rows: 16
# columns: 2
 -1 -1
 -1 -2
 -2 -1
 -2 -2
 1 1
 1 2
 2 1
 2 2
 -1 1
 -1 2
 -2 1
 -2 2
 1 -1
 1 -2
 -2 -1
 -2 -2


# name: argn
# type: sq_string
# elements: 3
# length: 2
t1
# length: 2
t2
# length: 2
Xm


# name: m
# type: scalar
16


# name: num_labels
# type: scalar
4


# name: p
# type: matrix
# rows: 16
# columns: 1
 0
 0
 0
 0
 0
 0
 0
 0
 0
 0
 0
 0
 0
 0
 0
 0


