# Created by Octave 4.4.1, Fri Feb 22 16:27:12 2019 GMT <unknown@Dimis>
# name: d3
# type: matrix
# rows: 1
# columns: 4
 -0.48579530010240224 0.25110435842160489 0.70112044426018161 0.59461694109301444


