# Created by Octave 4.4.1, Mon Feb 25 14:52:22 2019 GMT <unknown@Dimis>
# name: res
# type: matrix
# rows: 71
# columns: 3
 0.01 0.01 113
 0.029999999999999999 0.01 113
 0.10000000000000001 0.01 113
 0.29999999999999999 0.01 113
 1 0.01 113
 3 0.01 113
 10 0.01 113
 30 0.01 113
 30 0.029999999999999999 16
 30 0.10000000000000001 12
 30 0.29999999999999999 13
 30 1 18
 30 3 15
 30 10 20
 30 30 36
 0.029999999999999999 0.01 113
 0.029999999999999999 0.029999999999999999 12
 0.029999999999999999 0.10000000000000001 9
 0.029999999999999999 0.29999999999999999 28
 0.029999999999999999 1 36
 0.029999999999999999 3 37
 0.029999999999999999 10 36
 0.029999999999999999 30 36
 0.10000000000000001 0.01 113
 0.10000000000000001 0.029999999999999999 12
 0.10000000000000001 0.10000000000000001 9
 0.10000000000000001 0.29999999999999999 16
 0.10000000000000001 1 34
 0.10000000000000001 3 36
 0.10000000000000001 10 36
 0.10000000000000001 30 37
 0.29999999999999999 0.01 113
 0.29999999999999999 0.029999999999999999 12
 0.29999999999999999 0.10000000000000001 7
 0.29999999999999999 0.29999999999999999 13
 0.29999999999999999 1 19
 0.29999999999999999 3 37
 0.29999999999999999 10 37
 0.29999999999999999 30 37
 1 0.01 113
 1 0.029999999999999999 13
 1 0.10000000000000001 7
 1 0.29999999999999999 13
 1 1 15
 1 3 30
 1 10 36
 1 30 37
 3 0.01 113
 3 0.029999999999999999 16
 3 0.10000000000000001 7
 3 0.29999999999999999 15
 3 1 14
 3 3 19
 3 10 36
 3 30 36
 10 0.01 113
 10 0.029999999999999999 16
 10 0.10000000000000001 14
 10 0.29999999999999999 14
 10 1 16
 10 3 17
 10 10 33
 10 30 37
 30 0.01 113
 30 0.029999999999999999 16
 30 0.10000000000000001 12
 30 0.29999999999999999 13
 30 1 18
 30 3 15
 30 10 20
 30 30 36


